proj:       1
zone:       16
north:      5345649.93179368
south:      5297229.93179368
east:       401009.58545806
west:       330029.58545806
cols:       2366
rows:       1614
e-w resol:  30
n-s resol:  30
top:        1.000000000000000
bottom:     0.000000000000000
cols3:      70980
rows3:      48420
depths:     1
e-w resol3: 1
n-s resol3: 1
t-b resol:  1
