proj:       1
zone:       17
north:      5389525.85966741
south:      5309485.85966741
east:       -31526.93482081
west:       -131006.93482081
cols:       1658
rows:       1334
e-w resol:  60
n-s resol:  60
format:     0
compressed: 5
