proj:       1
zone:       16
north:      5345649.93179368
south:      5297229.93179368
east:       401009.58545806
west:       330029.58545806
cols:       2366
rows:       1614
e-w resol:  30
n-s resol:  30
format:     -1
compressed: 5
